1. 1'1/2
2. 2'1/2
3. 2'1/2
4. 0'1/2
5. 0'3/5
6. 4
7. 1
8. 0'1/2
9. 1'1/2
10. 1
11. 0
12. 2'1/2
13. 0
14. 1'3/4
15. 0'2/7
16. 0
17. 0'1/2
18. 1'1/2
19. 0'1/4
20. 0
21. 2
22. 4'2/3
23. 1'1/2
24. 0
25. 4
26. 2
27. 4
28. 0
29. 1'2/3
30. 0'1/2
31. 7
32. 2'1/1
33. 1
34. 2'1/2
35. 1'2/3
36. 3'3/10
37. 1
38. 0
39. 0
40. 2
41. 6'1/2
42. 2'1/2
43. 0'2/3
44. 0
45. 8
46. 1
47. 2'2/5
48. 0
49. 4'1/1
50. 0
51. 1'2/5
52. 7'1/2
53. 1
54. 0
55. 4'1/2
56. 0
57. 1'1/2
58. 4
59. 1
60. 1'1/2
61. 3
62. 2'1/2
63. 2'1/1
64. 1'2/3
65. 2'1/2
66. 2'9/10
67. 0
68. 2
69. 0'3/4
70. 1
71. 1
72. 2
73. 0
74. 4'1/1
75. 1
76. 3
77. 2
78. 3'1/2
79. 4
80. 1'1/2
81. 0
82. 3
83. 2'1/2
84. 1
85. 2
86. 8
87. 0
88. 1
89. 4'1/1
90. 0'1/2
91. 1'1/2
92. 0
93. 0
94. 6'1/2
95. 2
96. 4'1/2
97. 3'1/3
98. 0'2/5
99. 4
100. 3'3/4
